0 move 31.0 55.0 
1 move 40.0 60.0 
2 move 50.0 60.0 
3 move 60.0 60.0 
4 move 70.0 60.0 
5 move 80.0 60.0 
6 move 90.0 60.0 
7 move 100.0 60.0 
8 move 110.0 60.0 
9 move 120.0 60.0 
10 move 130.0 60.0 
11 move 140.0 60.0 
12 move 150.0 60.0 
13 move 160.0 60.0 
14 move 170.0 60.0 
15 move 180.0 60.0 
16 move 180.0 70.0 
17 move 180.0 80.0 
18 move 190.0 90.0 
19 move 200.0 90.0 
20 move 210.0 90.0 
21 move 220.0 90.0 
22 move 220.0 80.0 
23 move 230.0 90.0 
24 move 230.0 80.0 
25 move 240.0 80.0 
26 end 
