0 move 58.0 192.0 
1 move 70.0 190.0 
2 move 80.0 190.0 
3 move 90.0 190.0 
4 move 100.0 190.0 
5 move 110.0 190.0 
6 move 120.0 190.0 
7 move 120.0 180.0 
8 move 130.0 180.0 
9 move 140.0 180.0 
10 move 150.0 180.0 
11 move 160.0 180.0 
12 move 170.0 180.0 
13 move 180.0 180.0 
14 move 190.0 180.0 
15 move 200.0 180.0 
16 move 200.0 170.0 
17 move 200.0 160.0 
18 move 200.0 150.0 
19 move 200.0 140.0 
20 move 200.0 130.0 
21 move 200.0 120.0 
22 move 200.0 110.0 
23 move 210.0 110.0 
24 move 210.0 100.0 
25 end 
